41.45393912791273
40.93103710061133
40.72011558218685
40.41332131304166
40.26312791730167
40.1380978339246
40.0441441963679
39.96530066229202
39.90073367333095
39.8845546550734
39.78985599937777
39.70312741098869
39.64265464564983
39.58832912344493
39.56593815285918
39.51405999056669
39.45281405757319
39.3912473684282
39.33529070613187
39.31620232286499
39.27735287568999
39.24368599712158
39.17160173763573
39.12574232296835
39.10565451305049
39.06726155258132
39.03209692733638
38.98991041911906
38.94149239525142
38.90393327572424
38.85555871007455
38.81108234317769
38.7605536720089
38.72086211212534
38.67563915606474
38.63611177103515
38.61572184354058
38.56914153069695
38.51876769184453
38.48107357783049
38.46818346078832
38.42796239409805
38.40136465673956
38.33836110874085
38.28755161265862
38.24842990847311
38.22314376662104
38.19296215386496
38.15766708246839
38.09430196804139
38.0501530292918
38.01658168878689
37.98900392513617
37.9549414108848
37.88632060843103
37.83950054937962
37.79578602692125
37.78817547362991
37.75228902714027
37.71344511889527
37.64843145827953
37.60390870568974
37.57921590262855
37.55364766588931
37.51641295328735
37.46462073107908
37.416831296413
37.38112374914212
37.34434954638888
37.31052974882969
37.27365370939505
37.22866397659898
37.18164892949548
37.14713201010893
37.1326747294193
37.0873878571908
37.03367907932411
36.99079541057677
36.94307154088297
36.91787405529366
36.89593606053371
36.86418492783948
36.80175806496226
36.76291619903397
36.71446305692375
36.70858164350166
36.67810059072628
36.64382287418155
36.58050763053129
36.5429492175839
36.53394064685696
36.49821168969935
36.46642036012182
36.38793457970638
36.34016707375292
36.30086226622137
36.2916339953774
36.25321185959623
36.22059706605069
36.15509017737872
36.11277773165892
36.10446804042518
36.07331588144594
36.05166604402456
35.99233997463566
35.93600690851809
35.90847947828418
35.99566413938561
35.83069766399036
35.79688492151941
35.7444809135199
35.72235753662912
35.68096337715952
35.62714613423873
35.62129228818127
35.573852792191
35.52301458447774
35.49782519532863
35.47091250293064
35.44101544022794
35.43608174978094
35.39097860741926
35.38346090575703
35.30449439468931
35.31620440121003
35.28910991120534
35.26419589534845
35.22028673696264
35.20186513264679
35.16184882480252
35.15487565474018
35.15360343816334
35.11587931913627
35.05412008154982
35.02283053379865
35.01182768033719
34.99961607580096
34.97858173829272
34.92389716902247
34.86962521690459
34.83610417043138
34.84138246348825
34.81914066841636
34.80359593472757
34.74637086138827
34.70525938896098
34.66959397572495
34.63859611943349
34.64175556268689
34.59520937990612
34.54843050548974
34.5075043991199
34.46301069712229
34.44622265470511
34.41967747430756
34.3682094726826
34.32006410740705
34.28190143497467
34.27997481277716
34.26475817055761
34.23676010971579
34.1857483264944
34.145381270465
34.10510226272758
34.10839780056473
34.06957691065848
34.04879967058054
33.99435334975396
33.95396050402326
33.91397450814694
33.90728312871506
33.90762180405596
33.8603979070519
33.80468294406167
33.76567611444264
33.71487651439155
33.72408237571039
33.7161286742028
33.67500200886954
33.60840775725432
33.5679433657244
33.53828466997322
33.52942687581385
33.51772698053059
33.48310544834228
33.41713650213369
33.37798520740976
33.34940032088934
33.33183827928463
33.30574118162075
33.25098917702832
33.22263336445614
33.20191474577839
33.16902533005057
33.16236372749627
33.13723111589606
33.10172175759973
33.07274412650591
33.04122717793825
33.04647815570069
33.0474564631924
33.03350412574005
32.9703764783567
32.93350578012129
32.89968038250731
32.88837093154097
32.87069078026416
32.85151487348047
32.82216254859971
32.7664423200997
32.73435434649276
32.72866044600974
32.71164933515464
32.6822652005068
32.64183893738172
32.61325117794924
32.57330696078112
32.56727193464318
32.53943478398046
32.51226484838872
32.45367483882863
32.48042226031027
32.41801430656518
32.41000227343114
32.39985393417233
32.37259563849048
32.30451700248337
32.26798413074576
32.24442862633344
32.21176079152175
32.13909886289763
32.17545422242993
32.1253349676891
32.11001639674038
32.04914256830386
32.02812416498314
32.0194911983795
31.98247360799412
31.93805453850723
31.90730355253772
31.90208834836407
31.89207686429427
31.87423700150512
31.84931288611434
31.79606298317803
31.7593188374617
31.72040204229779
31.74321190200848
31.71588229202183
31.69727387155745
31.64107716627585
31.61341516795902
31.61509573036704
31.5973361332478
31.57525896786416
31.55533268598854
31.48803139032238
31.46757097936757
31.43301877522483
31.46148531899344
31.43410504622734
31.4014455789757
31.35950954139797
31.33636785268828
31.29602950513499
31.30612334940679
31.31370518617844
30.85330316681799
31.26440986036345
31.23091130031498
31.19961869741526
31.19121480164298
31.19748560438455
31.14344667787973
31.11939731730775
31.08399246317675
31.10405154035527
31.05356158996458
31.04637257223851
31.00496082123649
30.95339198283006
30.91929417358822
30.89702885916899
30.92643120205647
30.90753192865284
30.88908930217026
30.82646681001115
30.79840572580078
30.75882175501931
30.78301795614278
30.84013090941916
30.80728074759212
30.76784478403049
30.73695220643869
30.70716115908685
30.75339672472168
30.71015974094218
30.68718873789512
30.65078765546291
30.61000010787542
30.61396766162442
30.61793884279506
30.58285272156437
30.5523716651018
30.52940239170036
30.46675635504695
30.43876676504729
30.45148785134927
30.41743096559311
30.41544113726929
14.21223550428093
