37.20271307236226
36.22303298575675
35.58930074895991
35.10808143432482
34.767280221266
34.51914390415908
34.31968901831604
34.17658494359931
34.04663311095897
34.1875305046328
34.07004892551811
33.97043682203633
33.77003898176319
33.70502981089783
33.71013577575091
33.74974794052379
33.67808405359693
33.54328285512801
33.57989324102066
33.41691785253865
33.54878697370695
33.48888424809694
33.46613782063033
33.3055839253036
33.28812477345996
33.26649677962369
33.38786122701813
33.38368336771948
33.28306434129424
33.09499665320671
33.05934481065878
33.00589383624229
32.9772992629416
32.93551049820543
32.89801374425885
32.86386624832409
32.81978651196843
32.77468513363694
32.79736147863905
32.7567171520958
32.69147203121864
32.68126906030405
32.66244596745636
32.82704886584605
32.82063607847807
32.79372694275237
32.57228423888191
32.50680086351863
32.48594688021512
32.62446184142216
32.59866528420086
32.49096938272863
32.36156568089293
32.37904717529384
32.41866831276366
32.45002926487437
32.40338637886427
32.22724290634704
32.1919600279732
32.1443822305929
32.30144624269487
32.26452231201046
32.24551267472249
32.05441742521072
32.0099561231664
32.00483749890768
32.09425650820502
32.08527439586003
32.07209060737735
31.86251295421428
31.83152439099037
31.79246290022874
31.81887438623725
31.75774631610063
31.71533783039643
31.67409284914525
31.636868233334
31.60066823399992
31.61795839137394
31.59750266391077
31.51869405305143
31.49502326329974
31.43062269581348
31.58672448603181
31.55741179593024
31.5270772007921
31.33171625396221
31.27286599478069
31.28581215526498
31.39976645365355
31.36124913485381
31.28095766863633
31.09326368437829
31.00121573397787
31.00759647376509
31.1182195236244
31.14518953483919
31.1190464594697
30.86233274310724
30.82642149492903
30.71305325744758
30.80376514796829
30.85673232399154
30.78593836018667
30.50536061593967
30.47258451906036
30.34654505543989
30.50999430875816
30.49050816008248
30.39563201067305
30.19903753160565
30.21262960289639
30.10972405590481
30.0740470285674
29.95981610005737
29.83495524211074
29.85542577375369
29.7202432887463
29.60306626331841
29.59823120422579
29.49157476958675
29.43611792435327
29.26906648007581
29.15115968803236
29.08010780469557
29.22587649480059
29.21081983659194
29.13520401886494
28.89590342627968
28.75198312198091
28.74296106703735
28.78605504297217
28.82256262987519
28.6381253364504
28.4162423995751
28.24440180711366
28.2099645099288
28.31554263130739
28.41683416645301
28.2172602621134
27.89985864098951
27.69998499130378
27.82581704083672
27.89720637188042
27.91051548047762
27.84268086486986
27.46270752101726
27.43227475283047
27.35126821539435
27.55920127138988
27.61068518748303
27.59251441284266
27.09532685849924
27.22588997730215
27.10728983436709
26.99297850615567
27.52707394376926
27.17516661099793
26.84469212582561
26.86717896644888
26.79925056906384
26.74039916650472
26.75406696102184
26.68851186403614
26.56393219576817
26.46312618566007
26.22057535036637
26.44036425572967
26.16872867779962
26.2372498790385
26.05508555148399
25.72758021380276
25.63925607930375
25.54456671650906
25.71046974681814
25.6252776904335
25.54470802337227
25.2239648865289
25.13618802195781
25.01645756896891
25.14022988239799
25.14128817230646
25.01977191739607
24.68763636622115
24.58034607147848
24.43739088848328
24.47441796443944
24.60284718597749
24.44617935562564
24.13170565879992
24.00633882170063
23.87775886520302
23.75883655914815
23.85813853675506
23.94127379310017
23.7094209435586
23.36920865788649
23.16276981665337
22.97566076485146
22.63580666325588
22.62654449600556
22.24796851848855
21.89908360728029
21.52535677656426
21.17509916940563
20.90387068308257
20.72245555297472
20.50199729179002
20.23810550940107
20.01322056607057
19.81331369649931
19.87384448322974
19.81227358988485
19.58770741245779
19.15142972317422
18.90305070742499
18.72801723781161
18.53345787665942
18.64136433824327
18.53252695365309
18.38799841978968
17.95049196417575
17.80140141123494
17.62068581369231
17.6972283308864
17.56012058138655
17.3907836291737
17.00359005048073
16.80653015568288
16.64711750592802
16.52822515000069
16.6378017750155
16.52282197319708
16.34490208810086
15.95247950649811
15.87147956691234
15.73522907735909
15.64323476089266
15.78212832901257
15.72363292907589
15.60180849735134
15.16105195023386
15.24719980234486
15.05404700087271
14.94302490155578
14.94140431078974
14.85492866997358
14.68342508890236
14.58581369846852
14.50833149983512
14.46380246422108
14.39704061212584
14.36435894270409
14.34901952806598
14.22437252176496
14.16182463801703
13.90073984097077
13.78056616144688
13.97495947893354
14.02984605353291
13.984944680478
13.77551548872206
13.56406350177002
13.54909273213282
13.35803569592497
13.38584054028745
13.58272162702264
13.50360090187201
13.45684291790304
13.17926235836495
13.10856944586562
13.06088505159673
13.00004801138602
13.23248023365529
13.11401122363918
13.07769526169375
12.7634043028272
12.75201669127907
12.65186365093569
12.52934360265435
12.61613454769306
12.63796129325867
12.40422707085884
12.41995042766954
12.31321802790748
12.22247709068764
12.13962282377157
12.11661942384465
12.31690687503857
12.16029761343299
12.0551629651006
11.91718482420433
11.82066696082307
11.77186068772169
11.52559536489064
11.43513878634261
11.42006733757275
11.29284399260839
11.20058324739075
11.03550997380617
10.97027985666824
10.9027441331249
10.77795287494744
10.72226094278336
10.75625026165475
10.65104548175388
10.57749235024515
10.44920546694438
10.39362052949312
10.36440102720514
10.34036225343239
10.41617199661382
10.38451605682246
10.3403303692326
10.25611608528136
10.00301428359476
9.954889189206012
9.915242269023466
9.843833699837157
9.781137474700087
9.948625563106118
9.701719732438821
9.71180843118115
9.872423838838365
9.535293643543245
9.504331291740836
9.55195507401064
9.558052876312262
9.668360283637572
9.786472391446441
9.573665506783382
9.337060760643439
9.301092109307195
9.314180424574955
9.250388202379842
9.23473761767154
9.141311977904856
9.384400785942928
9.273813913360176
9.28669503038535
9.244344312260955
9.079865119746746
9.065351909759944
9.027656684199451
8.987012126081261
8.990828485527464
8.975431624274783
8.975095081218733
8.95799363503138
8.896995076526212
