35.53421917888683
34.23352049349796
33.32803503108719
32.72731222793072
32.31167452005597
32.22121235891173
32.06959932462568
31.7891650911882
31.60870696270835
31.43520214339108
31.36526137435192
31.49226453007636
31.44771278960162
31.30953910837555
31.22808981972335
31.1870786242455
31.18108741659756
31.34579970789288
31.2771273329934
31.13203234013491
31.04366723741153
31.07727034914143
31.21932133461674
31.28700768557315
31.16909723485391
31.1015269780778
31.0146292093408
31.02464503181665
31.10935067943151
31.01862725271178
30.8350889477395
30.66348950949947
30.51056964367973
30.68431093843333
30.78901973279656
