42.30784503120093
41.87066315028633
41.52909262273708
41.33967173915445
41.18104075793207
41.02585875142288
40.89940206705901
40.79503046324747
40.74438223697366
40.68484543506076
40.60013050604044
40.50451682101851
40.43369242898435
40.40462735387207
40.3464895745227
40.29879739974255
40.19770977147505
40.13180902980846
40.10572991641905
40.08531007837143
40.03176939187374
39.89862755048577
39.83865562756048
39.85439362378179
39.85818649046795
39.81309773911111
39.75293317026775
39.68953803622063
39.6420609476293
39.62544164079702
39.55760706903124
39.50496119522899
39.50190116693749
39.4787905455912
39.45305615714312
39.43294922425966
39.37011616045938
39.35182256452345
39.31443475109406
39.33699935502042
39.29030687034101
39.23398081799186
39.16775711805349
39.10219211850563
39.09406670851092
39.05573179524571
39.03842267962743
39.01179336306639
38.98168244984818
38.94866838694252
38.9120294375597
38.86922901990851
38.79635080045489
38.79012214838448
38.74872981116958
38.74202980324975
38.71332808419083
38.68022325071256
38.62681224514479
38.6068361532813
38.59750800515581
38.59919770647094
38.57839394146226
38.50415690010412
38.47114647055434
38.45297730387916
38.45159134534746
38.38531228504768
38.31816619875245
38.28075795044116
38.25924273518036
38.26880218638657
38.24531521449669
38.19530147411901
38.14820805460825
38.1087898539097
38.12155957404499
38.1052831272502
38.08158246347046
38.02778769840405
37.97577639077878
37.98397343855031
38.01349929030606
37.96254199561314
37.8973626076622
37.8399794379315
37.81191958976192
37.83274882191975
37.81727188407058
37.78262711837681
37.68751784656064
37.65624215326893
37.65066011976799
37.60624527026322
37.58307793789121
37.48848641374421
37.44874111847053
37.40785611681235
37.43556644379604
37.41055370325132
37.35065505226557
37.28806416693916
37.23084004201677
37.2016100539055
37.18746031544829
37.14302917168428
37.09173688926013
37.05056032852428
37.10583778817574
37.0318809412338
37.01448258540692
36.93754608943177
36.90047108869589
36.845489908747
36.86189897470052
36.83285125490446
36.81249707170315
36.72073295191656
36.66068497963708
36.6073799917344
36.62656084730233
36.6039193844876
36.52348219811168
36.44466988810641
36.38034844820998
36.39794143336449
36.41550827544571
36.37282079669017
36.28381166569603
36.23035749896029
36.18654990678534
36.20230949393551
36.21901797189204
36.13667458472219
36.07508340284646
36.0162736195667
36.05266918039031
36.05486932068121
36.0337819883465
35.96054321866646
35.92267484943688
35.87791286477999
35.89116517378535
35.86727811822375
35.78826554702302
35.73824827755098
35.68157694986428
35.62581462050921
35.63267880446458
35.59175142165797
35.52600458612819
35.48159075098378
35.4344862174984
35.45240617753812
35.46309244853413
35.41648421593518
35.32724666925387
35.28663984020568
35.3022194431432
35.28954679951008
35.27092060705014
35.20738637831198
35.16159643110448
35.11889035260349
35.13603627274451
35.14978240980695
35.09307682682547
35.01504952468954
34.96779972096928
34.92523844457202
34.97386483860648
34.96048707420564
34.90106758826574
34.84720215295967
34.80273809396788
34.80428091667723
34.80455042949124
34.77024859213803
34.71159605492104
34.65513743212128
34.61021119167503
34.57348557355925
34.56793970294912
34.51742189497799
34.46779811596803
34.42846887530644
34.37492080581408
34.36763393357126
34.33567276690582
34.29801783733454
34.25676059311423
34.21636634606593
34.24697118949511
34.27064247619246
34.22684039009513
34.14925893386243
34.09650202621417
34.05117422403717
34.08159353728869
34.06702614722363
34.03347939639244
33.9577086484375
33.9272403292613
33.87688499537956
33.91699944815363
33.90394971948117
33.8549305498348
33.79396199007201
33.73827180544156
33.74230852743027
33.72984033121067
33.71532164809843
33.6535132337651
33.61067820489333
33.57228398372353
33.5790714902861
33.57214875608867
33.55626949226162
33.46617125580594
33.42138376057518
33.37208977579161
33.37127276682784
33.3688323389909
33.31267730715816
33.24994350229096
33.19597133395897
33.15319325469587
33.15283751452595
33.14481891250654
33.09256471742589
33.01503273279021
32.96568268840698
32.97936141555277
32.99866186125352
32.97445296376082
32.8962481299888
32.83465278145727
32.78696223195048
32.80253833816527
32.79950287072158
32.78246399877298
32.70774786911438
32.66960746285842
32.62261023814055
32.66274573338912
32.62475823933369
32.59490190117526
32.51043683243393
32.44764571271895
32.4062596551548
32.46744454289839
32.41526059851667
32.40240642046611
32.33371981558061
32.26974693158127
32.24756952994451
32.27241880568614
32.243242612278
32.19757183874383
32.19236810605324
32.13622774575554
32.11632906898113
32.11772872433133
32.09109599346414
32.0387691308331
32.04381803421104
31.95911238617368
31.92181134850357
31.92774826248589
31.91824110892358
31.81003307821017
31.75260941147527
31.70297991262518
31.74016286974039
31.73985205286072
31.7010342252244
31.60213238721004
31.56417700672655
31.50102258394245
31.60879802766676
31.5480721651175
31.51684567982016
31.4875347038112
31.39401555982461
31.35542579736876
31.39267308705689
31.36871762048386
31.31226678725599
31.26542500804813
31.1868584690615
31.15637889307317
31.18510056606207
31.17468806615025
31.14485697366966
31.05208038969674
30.99725904790584
31.01811455476675
30.98131700578815
30.92149938588503
30.84800780845383
