33.94367186459094
31.50480924250831
30.17151429360582
29.44475170073359
29.01636241032875
28.75276865531244
28.4735870419744
28.34278385906048
28.13892402631927
27.96151837147567
27.78846721479967
27.74441843536037
27.64458952882766
27.4637591243426
27.26970173058238
27.23339439278411
27.1416302736223
27.19281372063399
27.18539261008198
27.1262833420978
26.95348001512864
26.94332162501907
26.92342155494095
26.92832891250099
26.98153362147264
26.98102003716788
26.95900583487445
26.83058544272061
26.79826497204205
26.97929401879455
26.82754041920939
26.53223851707882
26.13283146402062
25.94453290035795
25.78521889968875
25.83896039295158
25.82758635269036
