40.11330513614951
39.53193429171794
39.11413710363177
38.77584164002609
38.47334074916587
38.30385293643189
38.12180291266588
38.01527991972014
37.81359519232854
37.78578072697194
37.69488567960609
37.56736348683934
37.44613631811314
37.33650933367751
37.34431556634903
37.27493895662256
37.31038635154596
37.11316910987812
36.98360933697255
36.92432303437548
36.90945703530755
36.86922186260228
36.76652511931901
36.66012080007859
36.56267941512385
36.57570057497998
36.469342583324
36.52463632337357
36.37510766939454
36.26141727182174
36.19406705909434
36.14467682526948
36.0269859455863
36.06217824228416
35.97014596743347
35.87682541621567
35.81648401552493
35.76435775524394
35.69684542031274
35.62969599466074
35.54109313478892
35.48069076384815
35.49601607290818
35.4428509789166
35.37361309518436
35.22156181676399
35.14937224541012
35.10724851152548
35.10726037863382
35.06155873099335
34.97940682345958
34.88334480024976
34.81629878226301
34.83106408057583
34.7762190623584
34.72358984168197
34.61472837335078
34.54277233110726
34.48510495022163
34.49953991868038
34.46139836815308
34.4117471653646
34.3120923394432
34.25495800357645
34.19942225839026
34.2114825103268
34.17091813822512
34.11652629400545
34.00766307868611
33.96505999108886
33.90219086625886
33.87568549631423
33.83039637128577
33.77719870617167
33.72440289657764
33.67131456153406
33.61888872869832
33.60952360135434
33.55208956729715
33.4824999694274
33.42313046763609
33.37147257601756
33.39762172112196
33.38035457114755
33.3298182264061
33.21836244203649
33.16368260857099
33.10224300682536
33.118615179888
33.09226625868994
33.04909763133242
32.94944317629881
32.89236537282476
32.8431805785709
32.87408228671649
32.83899412682
32.78787030646724
32.66499975056757
32.60225971308685
32.55551277890186
32.57349849640319
32.55631290920931
32.47589526053956
32.37003867455378
32.32845080501048
32.32269821015466
32.31202863633553
32.27329040499117
32.18918191898596
32.08395319607204
32.02565469549815
31.98237444393799
31.94092444672221
31.90257152864245
31.83617365048348
31.8021556399333
31.74980248231424
31.70138831457647
31.70084095018857
31.66503743618139
31.60350168797087
31.56514702727427
31.5031867087627
31.54863136632114
31.52815709863667
31.51258955844667
31.41636779056422
31.34317011304601
31.3017482289306
31.33992248243715
31.34141461487411
31.301241082258
31.20948664402647
31.14124389935723
31.08657312282859
31.12649958357408
31.12861594294486
31.10917911568914
31.01184723558344
30.93205743321483
30.88141048681391
30.92079774831136
30.91312157303873
30.91121173914888
30.81565588917672
30.73888433290524
30.68724075143263
30.72504804893451
30.73299375747429
30.73600369881232
30.65273634226316
30.56726443281472
30.51978153689319
30.47589940936531
30.54552477054559
30.51399173704697
30.39965105520757
30.34769440422865
30.29209165807898
30.23375939972606
30.2312780542793
30.19104028479724
30.12379858905962
30.06380494001096
30.01372768325381
30.06929074290719
30.04716665913008
30.03239016767839
29.99714786544716
29.8840649400406
29.82168745556893
29.78270293022877
29.82983200969313
29.80208379584377
29.77310644887118
29.65529175715172
29.60442479569797
29.54676216544973
29.60951719011855
29.61391777913667
29.58147926332687
29.44326065378445
29.37780884899437
29.31432494271681
29.36502725559664
29.3750522125435
29.34585508248014
29.22620546828714
29.17008669367939
29.12780060611724
29.16364299227652
29.14174686942076
29.12619223736866
29.02393925983298
28.95361012020026
28.90109657183924
28.87080996464411
28.83954413310242
28.82448419690239
28.76382816699725
28.71028657695475
28.65180276779219
28.59894784731296
28.58388127946981
28.56922601273683
28.52041004342905
28.47649620769033
28.44663653376045
28.41405760663481
28.48703189574179
28.48844941784545
28.47278013365856
28.33786239045632
28.28042027758158
28.23314836041265
28.2819302828886
28.25469804706275
28.24268008849968
28.14550315861847
28.11711940466222
28.05614049800747
28.09132057452902
28.07433904109105
28.05477122176654
27.98845443490135
27.9063078288909
27.86013346550746
27.80546336273154
27.86266894215649
27.85311098247021
27.81317574556519
27.6756042305243
27.62700764437062
27.57035050688682
27.62751685483337
27.60820774445006
27.61819461587865
27.47034483787072
27.3980763281869
27.34561163571
27.30777808055243
27.32382278864883
27.31935979986829
27.2208573398569
27.15749314246752
27.10061989841971
27.04332607022981
27.03746937673105
27.01605813064445
26.94096088413197
26.88618639059703
26.80971960249796
26.8004329690255
26.83367041922547
26.81773201967198
26.75928866507045
26.61954218521456
26.58488924698509
26.50391371235826
26.55196807796986
26.53124983286326
26.49181295653152
26.39309574319667
26.30797889162951
26.24218605440561
26.23031456557632
26.23188661849127
26.16993537669079
26.10834774114866
25.95573060812799
25.8971014759449
25.81580970318215
25.86710793405744
25.80261514926655
25.73201171142237
25.63669432736249
25.53428303671942
25.43612462147946
25.45226550551773
25.35970388127774
25.30349218116764
25.20501375767053
25.11895847547322
25.02950190933993
24.91924286273028
24.92277804907017
24.83152399072689
24.70925624960158
24.57876641069203
24.47793214841928
24.34909015958665
24.28351765449397
24.23457238589777
24.15281864508227
24.00251563166212
23.48669993010964
23.49390394462461
23.53366904889337
22.97795005922106
22.56542807880994
21.94664664262345
21.32296125905352
20.86795194406931
20.60398579217573
20.1860366970715
19.875842987498
19.56901378337056
19.02362976370828
18.68982672593943
18.29998337199615
18.10581151824104
17.80600468506157
17.36744941084966
17.08020478000555
16.76806986018626
16.43290010293534
16.22770601960161
16.11958933517158
15.90932834200246
15.69637002745864
15.38890868178558
15.17638902697668
14.95240119076071
14.77994057848908
14.7251250475413
14.56963772334544
14.44499762154856
