37.2108309725774
36.27649850941464
35.50829943284563
34.88361578481848
34.38402750885735
34.05901097849488
33.65405508343294
33.45664592242688
33.26008890968071
33.32568072968201
33.26056430189428
33.12156491629028
32.8075834713368
32.68987691575881
32.5988336667222
32.74854635851202
32.66772292428123
32.46556489218695
32.27708291046739
32.18729483595617
32.21024502388772
32.26934106442092
32.2382917045085
31.97039387592019
31.92924616364792
31.86358379900871
32.04487921814223
31.99113765113488
31.95421955263862
31.66753182935969
31.60337135445789
31.57315437944958
31.57947703229735
31.47552191242597
31.43626839550061
31.33143965843115
31.28588613723413
31.25797488146845
31.24714509634099
31.2404735538949
31.17305360719895
31.14077984168959
31.06018427864669
31.08086020148169
31.33579587926866
31.26064729223292
31.26022742490641
30.92619938022659
30.84471085930386
30.80649801930575
31.06062043453514
31.00495702918669
30.95471100771035
30.71987672344245
30.60542601386982
30.55493431645714
30.82024996933957
30.70761017195592
30.69863088512716
30.400956194934
30.36144683247463
30.31845889825905
30.55810022977188
30.50467814474021
30.47638558824752
30.13900078815501
30.0779753615562
30.04046327413138
30.22727837954921
30.19987917671122
30.21615806579972
29.95909737602955
29.88578439347456
29.92007461958227
29.80474803498928
29.78156973779259
29.71578246423557
29.636666874741
29.59578536276505
29.55892238215174
29.58812442931707
29.57313748166528
29.59452438346522
29.39243088851976
29.36163946614288
29.39707065159309
29.51934559629989
29.5145689667333
29.52368952685628
29.18570013445963
29.14278481985768
29.1427026756736
29.41297980159209
29.51520588578286
29.32738570971426
29.11450756926857
29.07472505562126
29.03977887562179
29.38839966272482
29.28475522977321
29.21793091505262
29.01554180450823
28.99601845460169
28.91826524951723
29.02633118563546
29.04869841198901
28.99350245156267
28.6843974537222
28.61641887577314
28.53944099574027
28.91622680096602
28.77837604545167
28.75939730705853
28.60893669515316
28.42169947649599
28.33683582841958
28.29700638200379
28.28391928477052
28.23220141816456
28.29959349837536
28.11954195581307
28.18831241219117
28.02385184532841
28.01476982387081
28.03848517717151
27.93562439327622
27.94926431046972
27.94677990825142
28.12963292974007
28.20452883775621
28.19522882291409
28.22224759811992
27.89438062009006
27.85048423381004
27.77057135476517
28.15231470375273
28.08959203300099
28.05009767235313
27.78466178480272
27.67057809919696
27.64154503215491
27.9722580416188
28.04920439648905
27.85635354363254
27.63243216200719
27.42306252968976
27.44066646154448
27.60449850284829
27.67110951900485
27.54287047994361
27.13516539826414
27.09878786272557
27.02657182190368
27.2691163783099
27.52997684079831
27.33276067108241
26.95369891297149
27.26613578542958
26.89124129143987
26.85744481208678
27.38782729213123
27.38479855686142
26.93488756284329
26.75692135474013
26.72319119976761
26.65502949189036
26.6836403958876
26.63756436121662
26.57121316772971
26.4327198458129
26.25967547635738
26.08447539654543
26.32024865250228
26.32852004081643
26.22535300642776
25.82686737536196
25.74944544623185
25.65620729160223
25.85603476698429
25.83796669468394
25.77716836976115
25.43643554910868
25.30941016915557
25.17930620987281
25.11671122849356
25.38899533084655
25.20886915431802
25.18296738557686
24.71486435394371
24.56511272951632
24.39872800833552
24.66453463728969
24.59218619443597
24.39159277002167
23.96306405127635
23.80932810923849
23.62583824726995
23.308001600577
22.94588243081793
22.53367100904592
21.69172994317628
21.09760483904563
20.52327395298216
20.03493546937435
19.68663391252642
19.35742171387776
18.91711335048335
18.56122039230049
18.22558691142948
17.9000016767968
17.60985011008156
17.37013461491099
17.1293220696178
16.82030570263461
16.56618941946367
16.32555421598561
16.13715643941878
16.18821669205942
16.15259863827684
15.9368262306989
15.45012341984728
15.23322724081039
15.01319377243762
14.80613382219228
14.90162790028383
14.75071971855334
14.61464831594256
14.30987769451097
14.00858378126824
13.83352899021869
13.65589235178375
13.75781653897858
13.64349158834287
13.47369104247326
13.29729724611364
12.90380110704804
12.7458694942292
12.60100033221013
12.52997938063049
12.52557402607772
12.44155797473316
12.26471491907287
11.91056540335677
11.78797730224948
11.64827771279781
11.52142908150142
11.60901892944504
11.52184718212424
11.4473719781935
11.30270814366784
10.91858635390684
10.67373208064229
10.44677783060073
10.23937437096954
10.03651552201377
9.976598261161827
9.802147884025155
9.615831868097517
9.384034823294334
9.206987673194464
9.050319065337284
8.881945510706576
8.711952528386004
8.566232084306934
8.455296099994227
8.319265180312277
8.11986687233777
7.915623033944022
7.741581440574651
7.560249045956506
7.37759524560589
7.282401848998173
7.176978121959681
7.062962617378662
6.862189511004122
6.669281936765461
6.362518159171645
6.171057413628054
5.973621125985035
5.727673447402961
5.444773123168943
5.272874802821264
4.991844574747708
4.659066083397338
4.333238935614687
3.876157905380248
3.470549390727998
3.015854885369619
2.555262046793196
2.138139820950826
1.76848618268119
1.496497436195374
1.174396662928263
0.9001016641756696
0.6475060931125222
0.4797092049708896
0.3650434291356403
0.2922104584227664
0.2460738556832208
0.2134571080385843
0.1937310578727723
0.1719720986679923
0.1547169927050273
0.1401216009322273
0.1258266858232286
0.1128927847633362
0.102183324066586
0.09192916448296438
0.08148511466174659
0.0764081089803907
0.06904382254409784
0.06695423139444985
0.07346770970323355
0.06737237280570134
0.06458244799041744
0.06490194719738426
0.06069301769680449
0.060472425514645
0.07521281398603652
0.06621414163377548
0.06012992979473535
0.05272954524654813
0.04765501776207817
0.04124022168053525
0.03592050449032253
0.03169587632242837
0.02774131883451673
0.02416657931094699
2.721403327936376
