35.06083579015776
32.24272071972145
30.33671696697663
29.34776849107702
28.71544558164598
28.31015295961041
28.0231162663197
27.85250551574455
27.75169908064994
27.62321019041145
27.48991992053774
27.28971065855663
27.24092375915571
27.27799865564094
27.19133961757911
27.12984750275802
27.05306491902378
26.99833919542272
27.08141102706612
27.09750433147432
27.09482561177825
27.11561354389192
27.0590528730062
26.98225732468753
27.02986672120622
27.11537398413635
27.16478724473063
27.15138659987301
27.14474933286498
27.04960493178989
27.07044314112343
27.09530492456055
27.11337271323987
27.12285137631438
27.1039157339096
27.03669426955538
27.00227321300717
27.01754888159137
26.99768025662103
26.95755523372565
26.89334095085735
26.82547702204467
26.79520869432239
26.83681276294626
26.83496150295599
26.86529333717685
26.83125370890724
26.77454956277507
26.72594324292669
26.73610065781872
26.7286355298767
26.71334948080914
26.68181574644721
26.57213154308786
26.58548470168984
26.63317952225281
26.63158159132303
26.62626642748769
26.58049739204108
26.55401604315695
26.54710536262851
26.6279161233656
26.68697222848341
26.74264252013778
26.71812475295723
26.62249366419345
26.43492830623289
26.46448446016693
26.46581604848655
26.45897413005236
26.46549636601087
26.43157170260662
26.4012004757877
26.391945771158
26.40350026634597
26.39674246768573
26.38838212744818
26.30510679787745
26.27104516896609
26.31108833359018
26.31482652109825
26.34609442481021
26.35588518137999
26.22450365409935
26.26808025957448
26.29715184732441
26.33219671761109
26.36924529221601
26.41738766359457
26.26232462253527
26.10639434624439
26.08844853656218
26.06862324057304
26.0632855391502
26.07527890710449
26.00189618430204
25.98325064651109
25.99093970927005
26.0010202181231
25.99529073663753
25.99972406273651
25.96696880807028
25.95307589738295
25.98956909033415
25.95146609606596
25.95034584337618
25.93839834752952
25.92518907863195
25.9155487409664
25.93560668094085
25.92199754045996
25.89044451258552
25.88609772773236
25.87748296576607
25.88837142426047
25.9098633071768
25.9166768389528
25.88338773748863
25.88193522268466
25.85596402394614
25.79543161778723
25.80607207933849
25.78009274079559
25.75764144100105
25.76142635478969
25.73736089129387
25.68430747542784
25.69928806082027
25.65541858441333
25.66741517137827
25.71058462690946
25.66770876770018
25.62362401151443
25.58318010370297
25.56345279695173
25.59598002553386
25.57831754472474
25.57806166887704
25.51196181335494
25.48442196549907
25.50365238174988
25.52118514984852
25.50447544855881
25.50205566271759
25.46225740575744
25.45987994245742
25.41923632152895
25.40959610402552
25.40132205078209
25.38832700442249
25.34389851157254
25.32310268812732
25.34165634777451
25.33253555705939
25.33724920514425
25.3658116909782
25.32220887208051
25.26481313687301
25.25717225807401
25.26213675962322
25.27105289848073
25.29344302369225
25.22455839316224
25.19563900865259
25.20426191954335
25.1994440167516
25.18177614824973
25.20203878819955
25.1985586530338
25.2773532808338
25.29547245588136
25.24570657417722
25.25712094361833
25.23446910929106
25.1673782683347
24.96707443262438
25.0117443921034
24.86202185581545
24.86301547476534
24.88396288210676
24.88258439862111
