40.47376752970841
39.74161147570033
39.17379528775749
38.65528398745055
38.22607119928745
37.87145258509397
37.59251943511919
37.36190744241255
37.19986944368488
37.19052658022572
37.07739414261921
36.88368448532995
36.717357590007
36.59977968142106
36.66618926946769
36.61086411532756
36.54638100313994
36.33752617789077
36.2246350940616
36.23457869504252
36.27027108594267
36.24041479217237
36.10664239612242
35.98212522217687
35.91291793986007
36.0307609624875
36.00744699095785
35.98432011171899
35.81164612836289
35.72768598229512
35.6542040372988
35.62121540420281
35.57282326111217
35.51669434998361
35.46749665498012
35.41944111454349
35.37657984818613
35.4283236356273
35.38378559901048
35.31178535626856
35.27679661860265
35.31014691805015
35.40695990223568
35.40902410933688
35.36947217963028
35.18052236209488
35.11956559767155
35.19459421096638
35.19698437861587
35.19098063744821
35.02784351547757
34.93449904093171
34.87565619967783
34.97722614871556
34.97313712961324
34.93844026114869
34.75487026565163
34.68350244969517
34.64527977709757
34.78701046485264
34.77623211796348
34.68769630928209
34.55703355593707
34.49965100375785
34.61965247390078
34.61020717609237
34.59666584924952
34.46576643826253
34.40389280124455
34.34646584011544
34.33038242374679
34.32636249293132
34.29674231457306
34.21106798052641
34.17711826702625
34.12275806865945
34.18007835286839
34.16113332845562
34.07373174287071
34.00636797501078
33.94027347255962
34.06709020755514
34.06583640677849
34.04285133337191
33.89384437974079
33.82987789982096
33.7865438771388
33.92258803536858
33.96245921530358
33.91859494902378
33.75750338047713
33.67991171548545
33.6348890655344
33.78832518254348
33.76784750071589
33.69954343127648
33.50200090813282
33.45793602049424
33.5137723136864
33.53520077916846
33.5327345019468
33.37626852663375
33.26068438951325
33.17337738613934
33.32144316080904
33.3112296002036
33.30518857686785
33.11000216239469
33.04688199755901
32.97824684869254
32.93396534984676
32.89887166008125
32.85306663145317
32.80703489804672
32.7334539043672
32.68134031435864
32.68864857048499
32.72045570399775
32.6484570318425
32.58965405536735
32.52301222122998
32.66622305864973
32.6988532042321
32.73228762912962
32.6435724494502
32.46152156532843
32.39148548569657
32.51916818451391
32.58236725051245
32.56737791125276
32.41632320493735
32.28180671665068
32.19617465577019
32.35413339511533
32.4036086762653
32.41264389506274
32.19930724281525
32.11455146320515
32.04681382703609
32.22602530145434
32.35701667967651
32.28244605962247
32.04891480624602
31.96107792311268
31.91122019114987
32.10658777509143
32.1689017015512
32.15735056859335
31.92556321624248
31.87201561491226
31.82755784445618
31.8782474014956
31.99590826131526
31.84475411881596
31.71867424457124
31.64521135464648
31.55057591175545
31.60953395734277
31.58791789119384
31.47968897097181
31.37955017180294
31.31314992952817
31.48355011154088
31.48882041850662
31.54634128626974
31.46110194883726
31.27480509732309
31.20275261104668
31.24755014635386
31.35091879109064
31.33202252981058
31.26067781554073
31.07767423228283
31.05681130546019
31.09778470749491
31.2352734889255
31.22957802223032
31.0851353190443
30.92484300944475
30.83761128236264
30.92513689685692
31.04529680696779
31.03222651897221
30.90312462084495
30.75194792514585
30.67939873975118
30.78744639410995
30.81818019296731
30.82216469935187
30.68209347805871
30.54901102879883
30.46555295437708
30.40185690494964
30.42561380847889
30.42380454844371
30.29779581838102
30.21637088984172
30.13971279114869
30.08154582917568
30.12989286890373
30.1105673319342
30.03775411227329
29.97516241187417
29.92896341621018
30.12663088561709
30.23400102494137
30.23469121863683
30.14482058622188
29.9581867141304
29.89193525420978
29.94962510138749
30.03257306612359
30.03789146718555
29.9603408019706
29.80734736523309
29.74995115850025
29.73704117152276
29.87723496757812
29.91548815122945
29.91700871210903
29.75088581324218
29.6654121745415
29.616970436473
29.77625197286522
29.79162250639935
29.78940590777803
29.52460984043455
29.45142265469024
29.39834933713957
29.59365575928073
29.62328648103415
29.62019732834625
29.39546863232124
29.32215099704738
29.23073073277706
29.25737707090551
29.33560550843811
29.2993518479538
29.18292714130912
29.08756630083045
29.05262993826251
29.00447959945089
29.08748936149254
29.06472491992697
28.94039527478877
28.86118924213115
28.77746403680718
28.98977822144657
29.06101427411014
29.02114990005913
28.85222359995736
28.77693187660851
28.71040956263138
28.85676257763588
28.86474838133361
28.86362911614948
28.74919586239496
28.63836261795976
28.59157817290329
28.65090284752066
28.75110888687047
28.74351927642607
28.61199705153701
28.4387462324532
28.37626745659509
28.30626654675591
28.5358137226732
28.46134346277871
28.48983336635377
28.33209348477892
28.25102432767828
28.143480281492
28.37187815130531
28.31773908609814
28.28524736480752
28.15657896024024
28.07669848409356
28.03549022502598
28.01913365517722
28.09267085000192
28.07104538242087
27.92505801780403
27.85670066297655
27.79382637964886
27.72095496722964
27.81681951745906
27.83992406557042
27.70254866555024
27.58393953915957
27.50160242995874
27.74292982935125
27.83341210691324
27.82781823265078
27.74143065157486
27.57016970896914
27.52585348962659
27.55868196513624
27.59624945370783
27.54300208180407
27.67651628515197
27.40416809487152
27.33750966266719
27.25290676383968
27.4732688038156
27.47185336238566
27.33284547533801
27.16398836258231
27.13714789060127
27.05007137097214
27.24795775188488
27.20200199362902
27.22418086943314
27.08105637184229
26.99256187685651
26.93706288838874
27.05647519877881
27.12161560487452
27.1238077569775
16.91330118580245
