35.9921836166526
33.79594589209153
32.58458088429388
31.87169725053832
31.4496047782249
31.16233153546778
30.91441493758014
30.73335496723433
30.53984098030514
30.36009826535755
30.2599422102805
30.23077814825945
30.13329025922862
30.08567729108045
29.9763255451211
29.90694791594863
29.89288661741382
29.90104923111765
29.74391260083981
29.7100260842285
29.69270119173136
29.60516563124846
29.57063580494391
29.56548419878174
29.49633075222017
29.449879035692
29.42496734525685
29.43357622459497
29.45458956618459
29.48302475042766
29.431823440603
29.33407413984891
29.26259917644459
29.21789857182902
29.24972140564384
29.2542614607688
29.20186526366213
29.12913186012017
29.08274623192424
29.09305065436596
29.1802645982005
29.14786863888931
29.14900888987264
29.08521277533939
29.07401061849849
29.09927052281316
29.12213086558658
29.12699477637863
29.02562846454707
28.90118009748584
28.90060040140664
28.87586727485107
28.91718614183723
28.93852120026059
28.89528026226298
28.81188971861098
28.81505556263095
28.81482014661451
28.86440525114908
28.82202084311506
28.79121394200345
28.73982977196889
28.70858701348493
28.6470001696146
28.77484175887385
28.75971727203291
28.7379875468708
28.66684302763327
28.64139574876615
28.64158730702466
28.68963075528378
28.69034551159452
28.64600568667727
28.59395193235908
28.51215189959802
28.49033506962416
28.49499474433392
28.47653282640289
28.43586937892317
28.41113152664612
28.38273002618072
28.35478053472853
28.33245477752347
28.31368834895745
28.27920937185455
28.24692963199444
28.20394462268704
28.17967800340699
28.15868126291699
28.09446560047913
28.05423320765769
27.97590095903868
27.93474413794497
27.9131998450402
27.83993616263109
27.80511580263821
27.70535835578961
27.63182859428237
27.56594944746014
27.51287486187193
27.43621024416477
27.38854094374978
27.33026824154324
27.22461967453851
27.15035145914547
27.11758740829844
27.09419106637152
26.98523765989174
26.90589032993235
26.81804641069624
26.73366573994489
26.65433490477416
26.70347276961219
26.61985698872331
26.58986795760597
26.49455377312933
26.44709240508736
26.39630257798093
26.34943788701036
26.38585363959038
26.28895173339338
26.22893599230449
26.11813130292511
26.08241227284199
26.03263575107238
26.04339993036654
25.96758711323843
25.9157360181304
25.86057805789103
25.80504042843416
25.75458466202421
25.76572212825566
25.75329570902078
25.53854545780008
25.44454404913535
25.4128219372317
25.37706785311216
25.39081266661923
25.31069801373083
25.18596438979259
25.05981088929961
24.99368640498478
24.90202636626223
24.89949899865044
24.85720844723895
24.78476294767762
24.6615171536429
24.56119152946978
24.4875417524071
24.52468927060744
24.50754312372211
24.47695825852371
24.30274419822691
24.25772663705953
24.09050570189753
24.1966940664478
24.09567732499863
23.80574152057099
23.66000920040639
23.52090872378966
23.42334836568875
23.38992669940098
23.45244225521934
23.4085477417005
23.23563507640117
23.08539288702902
22.949677401808
22.88450101652871
22.85159708742521
22.81230059498937
22.69094143192631
22.53962946819433
22.44197230276912
22.35429502140936
22.38225307781644
22.2918676247813
22.17558883422086
22.06825361101188
21.99165223040982
21.88619949322045
21.83461555599933
21.83022311778389
21.61318037079115
21.45745067080136
21.37004845307964
21.26809955674871
21.22397212689422
21.14421377987711
21.00195969058608
20.94297106402631
20.85713385379242
20.83910386448879
20.75563957457522
20.66560989947043
20.58703234895792
20.43332137650512
20.35419283710651
20.27038316751227
20.29251136763213
20.32147829279114
20.06888756405169
19.91625839691165
19.83881648701351
19.75661788563029
19.75826673900476
19.71319073418172
19.61453370872328
19.47749682958266
19.48937393487293
19.37549764309691
19.3155008859541
19.27189749811298
19.21756149033187
