36.77170271647176
35.63747188938019
34.56487744051866
33.85037605571448
33.37832429845177
32.96714772444066
32.73626916562738
32.58205807066349
32.41429666534978
32.23381829323368
32.13150095737159
32.00967843234378
31.87216769521331
31.75289530715434
31.7060366543117
31.68117195316524
31.56552006758919
31.45425408531401
31.36232693129769
31.29418619052295
31.24852871676632
31.21282347364128
31.13388305461208
31.04637503844915
31.02254868234975
31.01906202582761
30.96766676336544
30.89022812859635
30.82419341838496
30.81132040845278
30.76906348060396
30.72573653498971
30.7350419389924
30.63348942289099
30.57564375621374
30.56924487854976
30.54764810860488
30.52219882908036
30.48588799022077
30.39265797806002
30.38649457742653
30.36580911385219
30.3500148993882
30.28888845186448
30.30049282674327
30.2308513661558
30.24341072783832
30.1988817891744
30.21162789698068
30.16230312884091
30.15889500792821
30.10592472248883
30.0653167131568
30.02150806607352
30.00903740588378
29.99050821093626
29.96409596452332
29.91042051849619
29.85402317802939
29.85046995038137
29.83163142035924
29.80071071698846
29.80630100382738
29.75601808142043
29.70372626816096
29.66263124204469
29.62051833389286
29.68504847377018
29.667550134162
29.67855828091813
29.62392872895562
29.60210990142653
29.58326026601537
29.58806453337733
29.55809881810338
29.51864854300226
29.50513328969872
29.51701229106223
29.55075498054422
29.51203269830703
29.44575160417977
29.4255890718138
29.38392699279574
29.37071419593768
29.33960589169908
29.3930053895128
29.34808425395623
29.30225251457469
29.11516886835142
29.09339824838808
29.08581055460442
29.10206738609655
29.11889941616696
29.14332827748026
29.02919429773797
28.99254481210452
28.99988830692422
28.97437720190602
29.03468518579778
28.98304191255823
28.91846614522045
28.87473892064627
28.93277010869131
28.91105482319724
28.9184097195295
28.96362178158653
28.91334982847764
28.92132699160848
28.92249197400585
28.98838505366474
28.87151659940715
28.75882762361994
28.69937831115891
28.64556250707036
28.62263720963373
28.66045347001435
28.74053458039261
28.65482312340207
28.61655620703928
28.57191405641768
28.55212883711582
28.61814397943797
28.62661603589206
28.58611999804437
28.50506234624735
28.50339679880522
28.48674044747546
28.51953582528899
28.58240261441382
28.58159285867018
28.51329929146615
28.50286171673626
28.50801343445927
28.48180012459017
28.48440397876357
28.47225630726921
28.42863812746555
28.41686349241258
28.40304809964075
28.37068817525225
28.41210591801327
28.36727823264656
28.34879905269243
28.32843664706041
28.32330778417251
28.31350753205959
28.33865507391063
28.30912800657825
28.25136556242537
28.23495024006057
28.24336399959396
28.23469319485475
28.22612643853801
28.19257871661167
28.17204480821144
28.11110231369145
28.11517986747487
28.13131527624596
28.19675594798107
28.1843737095002
28.11749240999308
28.13266097149278
28.02904832670507
28.02666619276389
28.0314845203942
28.06430858220461
27.99706906914982
27.95771642688117
27.9222258072052
27.916379161015
27.9522585141008
27.94183404445098
27.87028859536318
27.82689051002841
27.78528172213831
27.75411166252054
27.89998966783437
27.86395784282346
27.78066352831392
27.77488194970451
27.73808568953583
27.72747613547215
27.80459320314533
27.79958310385429
27.72833135365596
27.67733768745419
27.66823668495476
27.70282779149328
27.82278383743833
27.85994039086622
27.80011813641232
27.75260235787836
27.7520589996151
27.7155718407585
27.79909324607004
27.78767769422701
27.55868549024623
27.50134457015653
27.38703986777587
27.29571738707691
27.46615036786396
27.49224010614612
