35.68464623212265
33.30542239157823
31.87099662419724
31.04269169929038
30.51888814619444
30.13455274377356
29.82443155615191
29.67684556408608
29.52264861071568
29.38385638734727
29.19925713578968
28.99182764239123
28.87071572715762
28.75638632631388
28.67900472146099
28.59095900428603
28.44360845681762
28.35831969564903
28.30629961193508
28.27411073688934
28.22317532488337
28.16673438090173
28.06782214036433
27.93225495618018
27.87634550619424
27.76398434954665
27.66575587174307
27.56050745527225
27.4534731372986
27.32848483036377
27.28069346052297
27.24862818611696
27.18967213893381
27.15691978710435
27.08315223969056
26.99592645421725
26.9437089650103
26.97274477760144
26.95193995168136
26.91918144975369
26.80631264306686
26.75521665298844
26.71029521651118
26.72520657198337
26.71724699838049
26.73493089090647
26.67839821815492
26.59453727866744
26.52314275743606
26.50828388567609
26.51335280502996
26.50915723278848
26.50367892500255
26.38246709164768
26.35728247426605
26.34661374303268
26.35446660478463
26.33569457001325
26.29339869397145
26.21689947077346
26.22131872176703
26.24597998782554
26.23298181251781
26.23897340798741
26.24660362025406
26.13578107657579
25.95480583617192
25.95823850877255
25.94604357872007
25.91796023957738
25.9392183788736
25.89048143883981
25.84548846261044
25.80444319769711
25.78966814662001
25.77568460828527
25.75851658822294
25.67902331874848
25.63599459507877
25.59113222364294
25.57370939593761
25.54657865989099
25.57296676116097
25.48537763413657
25.4943392197609
25.50525177890522
25.44546090086574
25.41486121884626
25.43914289141296
25.31650601966899
25.02994430721497
24.764488272864
24.51471674164332
24.28966001733821
23.80110846388287
23.30657807959538
22.58688450575811
21.76664852891287
20.93441189467916
20.21587329256905
19.61595892328557
19.20750583938216
18.88777840366957
18.66715237338259
18.50470870939128
18.37817304899556
18.24251966392391
18.11573574456151
17.99985398619122
17.87714063811832
17.76196504282636
17.67941950746917
17.57425145526929
17.49470630395297
17.3761068138733
17.29102652511469
17.21003357067829
17.11754045770222
17.0519645776935
16.97045148039499
16.91035487145657
16.82387338093947
16.73068555854458
16.68702898858941
16.61403770775986
16.55986766934966
16.49302264051184
16.41522055819194
16.32042172519555
16.23676484628084
16.21011012370216
16.15131571363451
16.12199184048504
16.04958662446635
15.93606458556918
15.88932294578724
15.85057428042051
15.80835394381885
15.77894293886779
15.7745202146547
15.68201796833084
15.6075664427363
15.5407555736491
15.53617307621087
15.47934937862777
15.45122377526176
15.416856242168
15.34751653882174
